1
1
36
0.222615 0.086991 -0.051829 0.087700 0.038861 0.096854 0.101422 -0.101680 -0.010965 -0.135564 0.026303 0.049884 0.084959 0.102523 0.003371 -0.018565 0.092642 0.022928 -0.126831 0.030820 -0.018928 0.032016 -0.067463 -0.021763 -0.166915 -0.091015 0.102993 -0.077055 0.051796 -0.045444 -0.078622 -0.078523 -0.060439 -0.106911 0.078382 -0.030842 
0.088915 0.102223 -0.023574 0.009781 0.134310 0.005440 -0.014585 -0.046536 -0.016086 -0.153835 0.044773 0.048106 0.047159 0.041890 0.039212 0.020400 -0.027684 0.001130 0.023053 0.040178 -0.030039 0.045529 0.033014 0.140526 -0.111242 -0.038054 0.066836 -0.109384 0.011001 -0.028574 -0.045819 0.017392 0.007992 -0.044818 -0.117653 -0.147790 
-0.115134 -0.168989 0.073302 -0.100465 -0.266078 0.008952 -0.010658 0.113193 -0.014196 0.228141 0.022166 -0.033673 -0.119983 -0.115628 -0.032703 -0.008556 -0.056823 -0.063878 0.105291 -0.040861 0.035865 -0.130616 -0.061653 -0.169868 0.257270 0.200257 -0.067647 0.174130 -0.107515 0.119214 0.122837 -0.044130 -0.043607 0.170489 0.144767 0.230403 
0.379692 0.203702 0.034662 0.481688 0.196453 -0.047544 0.536195 -0.393403 -0.064845 -0.270291 -0.010272 -0.102126 0.212915 0.271862 0.055291 -0.083578 0.368492 0.010807 -0.359890 -0.289570 0.124532 0.517262 -0.243597 0.087047 -0.422072 -0.365105 0.239564 0.068130 0.516944 -0.208725 -0.249928 -0.154559 -0.920402 -0.513338 0.094689 -0.657007 
-0.059398 0.003095 0.059815 -0.037596 0.012410 -0.111261 -0.003225 0.041334 0.016343 0.150932 -0.037965 -0.194378 -0.137056 -0.112978 -0.008484 0.013605 -0.050949 -0.063234 0.063595 -0.060595 0.114204 0.162911 -0.055822 0.180083 0.073178 -0.025633 -0.036824 -0.022412 0.131879 -0.021455 -0.016269 -0.011933 -0.061766 0.195944 -0.182011 -0.100926 
-0.112795 -0.034342 -0.105304 -0.069085 -0.104671 0.316158 -0.058292 0.064841 -0.037164 -0.069392 0.069425 0.087043 -0.081817 0.032349 -0.038501 0.006031 -0.110642 0.033668 0.112161 0.170348 -0.090833 -0.303625 0.032147 -0.226468 0.070272 0.204287 0.070301 -0.027613 -0.140261 -0.076138 -0.018996 -0.225287 0.218293 0.089810 0.200958 0.527448 
-0.022744 0.064987 0.131190 -0.023625 -0.072698 0.031845 0.183625 0.006404 0.039598 0.000883 -0.007077 -0.210198 0.003248 0.014651 0.014266 0.017767 -0.171509 -0.140430 -0.051491 0.090405 0.028640 -0.062222 -0.150657 0.079715 0.050005 0.145784 0.002179 0.052682 -0.047672 0.064612 -0.011562 -0.051642 -0.267699 0.207818 -0.033527 0.042874 
-0.080905 -0.094361 0.026522 -0.085383 -0.233642 -0.040015 0.000639 0.143580 0.124676 0.351183 -0.006863 -0.111021 -0.112346 -0.120040 -0.090471 -0.007235 0.032747 -0.012177 0.073980 -0.086185 0.139055 0.010562 -0.055243 -0.186408 0.232029 0.052752 -0.161753 0.097527 0.047455 0.076799 0.079019 0.023219 0.039687 0.087497 0.121469 -0.208898 
-0.056331 0.068913 0.033708 -0.026360 -0.005166 -0.004925 -0.246714 0.193269 0.186992 0.063752 0.020330 -0.066059 0.101540 -0.028456 -0.025453 0.011753 -0.063787 -0.008975 0.089985 0.154559 0.167395 -0.305428 0.044840 -0.241862 0.186511 -0.032031 -0.113382 -0.049523 -0.127508 0.077962 -0.061994 -0.097262 0.249419 0.001918 -0.155166 0.129874 
-0.226543 -0.036154 0.015538 -0.199576 -0.088023 -0.083995 -0.320557 0.173152 0.260411 0.263493 -0.005577 -0.102824 -0.060614 -0.112344 -0.111863 0.046519 -0.080106 0.043710 0.235533 0.164264 0.069479 -0.335463 0.064817 -0.174936 0.208711 0.230862 -0.152173 -0.091877 -0.155021 -0.017424 0.105499 0.015328 0.773564 0.251796 -0.106216 -0.033949 
0.004165 -0.010498 -0.079993 -0.015576 0.097596 0.238460 -0.070300 0.119587 -0.047967 -0.199456 0.256405 0.185904 0.061607 0.110772 0.106546 -0.062326 -0.106487 0.066036 0.069569 0.159271 -0.254866 -0.290808 0.138738 -0.296835 0.042194 0.084675 0.099195 0.053552 -0.036359 0.041240 -0.032399 -0.075207 0.028588 -0.197245 0.144387 0.441958 
0.007326 0.006210 -0.017344 -0.053041 0.133005 -0.067110 -0.010383 -0.002587 -0.074966 -0.068040 0.039886 0.223353 -0.121312 0.021121 0.049259 0.018828 -0.035577 0.013643 0.195434 0.035119 -0.190225 0.149445 0.051429 0.375968 0.075732 -0.087133 0.021921 -0.022802 -0.031161 -0.018691 -0.041977 0.146405 0.058378 -0.073024 -0.181982 -0.266833 
-0.079696 -0.022275 -0.028703 -0.055627 0.118044 -0.098382 0.001726 -0.000427 -0.020803 0.027925 -0.019092 0.067642 -0.114170 -0.027720 0.050869 0.009871 0.006070 0.116272 0.128742 -0.062962 -0.059399 0.159976 -0.028810 0.275796 0.043473 -0.009489 0.027102 -0.056756 0.136735 -0.050661 -0.040282 0.077897 0.206811 -0.040725 -0.215537 -0.335629 
-0.011398 0.033741 0.013434 0.005833 -0.032749 0.052325 -0.055327 0.003980 -0.030290 0.021732 -0.026742 -0.052696 -0.009201 0.095535 -0.015031 -0.065359 0.047626 -0.026116 -0.091937 -0.017122 0.006291 -0.009378 -0.019563 -0.123259 0.045291 0.019991 -0.005294 0.060007 0.057573 0.045099 -0.069880 0.111675 0.055341 -0.013498 -0.040669 -0.027369 
0.013834 0.014816 0.016943 0.014081 -0.094914 0.018210 -0.030495 0.021486 0.020093 0.052697 -0.038379 -0.017276 0.053001 0.021385 0.002052 -0.056849 0.051873 0.002173 -0.037695 0.003159 0.058325 0.005195 -0.082895 -0.034535 0.037632 -0.031597 0.014521 0.022168 0.035828 0.017729 -0.101874 0.085023 0.035160 -0.038228 0.001074 0.083740 
0.002927 -0.001657 0.037335 -0.025921 0.073809 -0.040174 0.154521 -0.004995 0.006351 -0.042850 0.057842 -0.042402 -0.040348 -0.069799 0.000888 0.197018 -0.121115 0.034638 0.038063 0.022844 -0.030753 0.005189 0.072806 0.046761 -0.052854 0.065424 -0.025902 -0.044722 -0.040905 -0.018687 0.120366 -0.163427 -0.126473 0.057254 0.002195 -0.173063 
0.017581 -0.037068 0.006845 -0.019122 -0.067444 0.091161 0.008154 -0.061074 0.134003 0.108877 -0.070873 0.025202 -0.006802 0.038508 -0.047737 -0.085723 0.234092 0.050347 -0.064528 0.034128 -0.076648 -0.068038 -0.477531 -0.208928 0.030121 0.165432 -0.006012 -0.000682 -0.013820 0.022735 -0.092869 0.138861 0.144584 0.151503 -0.039290 0.245010 
-0.004998 -0.049477 -0.029965 0.024612 0.036717 0.067451 0.016402 0.054352 -0.033787 0.006145 0.003791 0.121752 -0.056946 -0.095525 -0.003890 0.011530 0.038578 0.232821 0.087792 -0.022782 0.033909 0.103242 -0.072627 -0.159346 -0.007358 -0.011597 0.036159 -0.025428 0.041486 0.018771 0.028160 -0.018633 0.109155 -0.022140 -0.016300 -0.201899 
-0.030683 0.021920 -0.024416 -0.003298 0.081026 -0.012126 0.012012 -0.030888 -0.044970 -0.047798 0.059614 -0.001981 -0.017122 0.024935 -0.022769 0.013597 -0.117591 0.012128 0.113935 0.079168 -0.009525 0.034856 0.062174 0.149709 -0.019862 0.064532 -0.047376 0.036171 -0.022673 -0.042973 0.085686 -0.111983 -0.038650 0.090469 0.017181 -0.023423 
0.007366 0.031999 0.037089 -0.031637 -0.016523 -0.045430 0.027105 -0.030414 0.132315 0.046157 -0.041350 -0.032611 -0.067060 -0.042906 -0.019342 -0.015235 0.061500 0.085506 0.046473 0.145908 0.036320 0.012099 -0.129750 0.045895 0.023878 0.046570 0.010037 -0.044116 -0.043403 -0.084878 -0.037808 0.011427 0.097519 0.173340 -0.077358 -0.058192 
-0.004859 0.007241 -0.027501 -0.019431 0.093055 -0.037008 0.028183 0.003700 -0.027610 -0.050829 0.037551 0.075634 -0.089311 -0.073690 0.016974 0.104613 -0.100722 0.084524 0.051367 0.036870 -0.000266 0.001436 0.241639 -0.013447 -0.047694 0.058810 -0.026723 -0.015892 -0.067225 -0.036094 0.195013 -0.121883 -0.109862 -0.047884 0.090371 -0.010187 
0.000917 0.046975 -0.050455 0.013204 -0.094897 -0.026855 -0.115888 -0.002745 0.052451 0.065272 0.041691 0.039931 0.079042 0.105754 -0.000023 -0.103056 0.025279 0.000372 0.011994 0.056227 0.017411 0.074376 0.191132 0.077059 0.056018 -0.021422 -0.013721 0.056984 -0.097955 -0.043612 0.032535 -0.039981 0.060193 -0.104492 0.126034 0.175675 
-0.052054 -0.019147 -0.090455 0.018037 0.178136 -0.000676 -0.211952 0.061469 -0.075200 -0.106969 0.025917 0.146432 0.021808 -0.046505 0.111044 0.012748 -0.045102 0.016139 0.088020 -0.027416 -0.092150 0.170314 0.480239 0.247003 -0.065695 -0.176719 0.011739 -0.019329 -0.002248 -0.035535 0.105053 0.040079 0.039691 -0.001883 0.045494 0.042554 
-0.013331 -0.010181 0.017892 -0.003021 0.016010 -0.017031 -0.019837 0.000977 0.022707 -0.029957 -0.024878 -0.081260 0.121969 0.012977 0.025604 -0.037563 -0.021013 -0.130370 -0.002901 -0.028526 -0.024819 0.048793 0.072019 0.364441 0.000775 0.023931 0.028376 0.027812 -0.009794 -0.026008 -0.006241 0.001149 0.004869 0.085821 0.000412 0.114614 
0.027324 0.025630 0.023108 0.000267 -0.105615 -0.071622 -0.001214 -0.024851 -0.001242 0.043539 -0.044151 -0.044789 0.061122 0.086900 0.011672 -0.022508 0.020312 -0.058820 -0.008480 -0.030523 0.013260 -0.102553 0.023915 0.179546 0.158793 -0.105462 -0.082206 0.165695 0.021414 -0.024302 -0.060386 0.124031 0.037733 -0.050779 0.069762 0.157065 
0.015891 -0.022289 -0.044571 0.002901 0.049784 -0.005872 -0.038230 -0.000650 -0.079701 -0.006687 0.023500 0.128482 0.007095 0.022560 -0.002791 -0.048276 0.035155 -0.019508 0.054142 -0.060791 -0.028548 -0.047375 -0.083235 0.032765 0.046693 0.049966 -0.030597 0.033784 0.025387 0.045214 0.065454 0.098963 -0.042874 -0.218138 0.027129 0.056749 
0.002571 -0.050807 -0.006693 -0.020580 0.007551 0.004561 -0.015862 0.009184 -0.028541 -0.009579 0.026559 0.047318 -0.018098 -0.023643 0.030683 0.012863 0.047039 -0.031931 -0.015142 -0.041024 0.022329 -0.017807 0.036086 -0.090535 0.001371 -0.024000 -0.039167 0.030173 -0.016677 0.021176 0.028317 0.037980 0.015479 -0.000831 0.021822 0.047140 
-0.001611 -0.032257 0.008320 -0.008513 -0.014739 0.003061 0.015417 0.001995 -0.021767 0.045606 -0.033299 0.013685 -0.013374 0.027331 -0.040242 -0.013638 0.067459 0.029875 -0.018929 -0.030599 0.011567 -0.055764 -0.023471 -0.036046 0.014560 -0.092579 -0.033293 0.122735 -0.011582 -0.024042 -0.013834 -0.001271 0.090334 -0.087527 0.067184 -0.046487 
-0.036780 0.123691 -0.018068 0.049862 -0.030073 -0.000021 0.010960 -0.000263 0.053737 -0.000065 0.000416 -0.066511 0.013514 0.032362 -0.061922 0.010891 -0.098649 0.084242 0.060816 0.045031 0.041457 0.051393 -0.010949 -0.021043 0.041805 0.111151 0.023309 -0.077705 0.160588 -0.010057 0.011542 -0.080553 -0.000751 -0.059706 -0.018325 -0.175143 
0.023448 -0.099290 -0.009850 -0.098807 0.027435 -0.043076 -0.058280 -0.006901 0.066513 -0.003083 0.085786 0.098224 -0.069454 0.032226 0.000117 -0.033282 0.130571 -0.007220 -0.015998 -0.062888 -0.148550 -0.013580 0.080104 -0.019036 0.018359 -0.004548 -0.080470 0.061549 -0.158469 0.145192 0.153790 0.154293 0.145762 -0.142508 -0.046278 0.081420 
0.029377 -0.011489 0.011868 -0.015533 0.027197 0.005637 -0.035671 -0.026345 0.052679 0.057135 0.064493 0.074430 0.068601 0.035593 -0.025756 -0.057326 0.093221 -0.043477 -0.023276 0.026849 -0.031126 -0.045834 0.060295 0.018037 -0.005858 0.008037 -0.039430 0.024364 -0.142270 0.066455 0.129916 0.025889 -0.018203 0.008554 -0.010329 0.022640 
0.014894 -0.012346 0.068345 -0.028396 0.001776 -0.079706 -0.028565 0.001136 0.007942 -0.011997 -0.033592 -0.010726 0.074765 -0.034399 0.090696 0.051608 -0.022758 -0.065876 0.033092 -0.013715 -0.009180 0.016971 -0.046031 -0.062353 -0.003426 0.144532 -0.044288 -0.039038 0.041248 0.074140 0.031278 0.236478 0.070529 0.064462 -0.012460 -0.026060 
-0.001704 -0.017407 0.008580 -0.041955 0.015395 -0.057139 -0.035035 -0.000310 0.025716 0.031454 -0.009334 0.058266 -0.054038 0.065778 0.015738 -0.041351 0.012682 0.071592 0.024183 -0.056528 -0.105869 0.000290 0.049903 -0.005684 0.052547 0.000524 -0.049511 0.104428 -0.011363 0.000903 0.083651 0.099441 0.275804 -0.036014 -0.029392 0.056496 
-0.010098 0.060058 -0.003846 0.017216 0.087328 0.023356 -0.042368 -0.013119 -0.046566 -0.066483 0.013698 0.040130 0.090904 0.014436 0.028973 0.012801 -0.101004 0.039115 0.038958 0.056223 -0.077189 0.003941 0.193039 0.139400 0.008941 0.136281 0.117173 -0.054191 0.025428 0.009739 0.024841 -0.040211 0.000650 0.300782 -0.009916 0.172812 
0.007406 -0.026124 0.026958 -0.015562 -0.012272 -0.037361 0.040473 -0.042559 -0.121298 -0.018506 -0.069171 0.014694 0.024923 0.005414 0.071725 0.078935 -0.028729 0.080545 0.050561 -0.071755 -0.019874 0.077630 0.133627 0.022429 0.021676 0.100974 0.047853 0.093972 0.077639 -0.036936 0.088453 0.013336 -0.022293 0.081382 0.228458 0.045043 
0.037862 0.003794 0.024128 0.008008 0.041800 0.048813 -0.015224 -0.067589 -0.032785 -0.020155 0.004403 0.022686 0.092854 -0.032366 0.144665 0.015985 -0.011352 -0.047898 -0.067807 0.026238 0.042430 0.074256 -0.104137 0.167677 -0.013156 0.048885 0.093848 -0.082809 -0.067969 -0.011274 -0.093132 0.054341 -0.142537 0.230624 -0.013056 0.701290 
8.160385 3.239555 -6.804543 18.704973 -2.458421 -5.340655 -2.519371 -3.811344 -2.497317 -8.916420 -0.776103 -1.917213 -3.399004 0.429074 0.812859 -0.890203 0.455892 -0.661852 -1.206068 -0.083588 -0.589312 0.804807 -1.393964 -0.455871 1.463175 0.332063 -0.001611 0.320310 -0.681100 0.422231 0.514057 0.713598 0.232660 -0.990940 0.808959 0.321809 
1.0 1.0 1.0 1.0 1.0 1.0 1.0 1.0 1.0 1.0 1.0 1.0 1.0 1.0 1.0 1.0 1.0 1.0 1.0 1.0 1.0 1.0 1.0 1.0 1.0 1.0 1.0 1.0 1.0 1.0 1.0 1.0 1.0 1.0 1.0 1.0 
